18
Aureocin_A53        100.000000 45.098039 47.058824 35.294118 34.090909 32.558140 26.000000 30.000000 45.098039 23.529412 28.571429 33.333333 23.529412 17.021277 19.148936 38.775510 22.222222 19.607843
Lacticin_Z          45.098039 100.000000 94.339623 49.019608 36.363636 27.906977 26.000000 44.000000 65.384615 20.754717 42.857143 53.846154 35.849057 34.042553 31.914894 40.816327 22.222222 36.538462
Lacticin_Q          47.058824 94.339623 100.000000 47.058824 36.363636 27.906977 26.000000 46.000000 65.384615 20.754717 42.857143 50.000000 32.075472 31.914894 29.787234 42.857143 22.222222 38.461538
Epidermicin_NI01    35.294118 49.019608 47.058824 100.000000 25.000000 23.255814 26.000000 32.000000 39.215686 15.686275 26.530612 41.176471 29.411765 27.659574 29.787234 30.612245 22.222222 29.411765
Mutacin_BHT_B       34.090909 36.363636 36.363636 25.000000 100.000000 62.790698 18.181818 22.727273 29.545455 20.454545 31.818182 29.545455 18.181818 22.727273 22.727273 29.545455 40.909091 18.181818
Lactolisterin       32.558140 27.906977 27.906977 23.255814 62.790698 100.000000 16.279070 27.906977 27.906977 20.930233 27.906977 25.581395 23.255814 23.255814 23.255814 27.906977 44.186047 18.604651
BacSp222            26.000000 26.000000 26.000000 26.000000 18.181818 16.279070 100.000000 32.000000 24.000000 14.000000 26.530612 26.000000 24.000000 21.276596 23.404255 26.530612 24.444444 26.000000
Capidermicin        30.000000 44.000000 46.000000 32.000000 22.727273 27.906977 32.000000 100.000000 42.000000 28.000000 55.102041 44.000000 38.000000 17.021277 14.893617 34.693878 17.777778 34.000000
AureocinA53like     45.098039 65.384615 65.384615 39.215686 29.545455 27.906977 24.000000 42.000000 100.000000 19.230769 55.102041 50.000000 42.307692 23.404255 21.276596 55.102041 22.222222 38.461538
Toyoncyn            23.529412 20.754717 20.754717 15.686275 20.454545 20.930233 14.000000 28.000000 19.230769 100.000000 28.571429 21.153846 18.181818 14.893617 12.765957 22.448980 20.000000 11.538462
Enterocin_SWD       28.571429 42.857143 42.857143 26.530612 31.818182 27.906977 26.530612 55.102041 55.102041 28.571429 100.000000 53.061224 42.857143 21.276596 19.148936 46.938776 15.555556 26.530612
MGYG000000642_01040 33.333333 53.846154 50.000000 41.176471 29.545455 25.581395 26.000000 44.000000 50.000000 21.153846 53.061224 100.000000 44.230769 21.276596 23.404255 42.857143 20.000000 26.923077
MGYG000031742_00801 23.529412 35.849057 32.075472 29.411765 18.181818 23.255814 24.000000 38.000000 42.307692 18.181818 42.857143 44.230769 100.000000 23.404255 21.276596 46.938776 17.777778 21.153846
MGYG000049946_02918 17.021277 34.042553 31.914894 27.659574 22.727273 23.255814 21.276596 17.021277 23.404255 14.893617 21.276596 21.276596 23.404255 100.000000 93.617021 31.914894 22.222222 23.404255
MGYG000049946_02917 19.148936 31.914894 29.787234 29.787234 22.727273 23.255814 23.404255 14.893617 21.276596 12.765957 19.148936 23.404255 21.276596 93.617021 100.000000 31.914894 22.222222 23.404255
MGYG000320920_03099 38.775510 40.816327 42.857143 30.612245 29.545455 27.906977 26.530612 34.693878 55.102041 22.448980 46.938776 42.857143 46.938776 31.914894 31.914894 100.000000 22.222222 24.489796
MGYG000320920_03506 22.222222 22.222222 22.222222 22.222222 40.909091 44.186047 24.444444 17.777778 22.222222 20.000000 15.555556 20.000000 17.777778 22.222222 22.222222 22.222222 100.000000 15.555556
MGYG000298963_01692 19.607843 36.538462 38.461538 29.411765 18.181818 18.604651 26.000000 34.000000 38.461538 11.538462 26.530612 26.923077 21.153846 23.404255 23.404255 24.489796 15.555556 100.000000
