#
#
#  Percent Identity  Matrix - created by Clustal2.1 
#
#

     1: MGYG000320920_03506  100.00   40.91   44.19   15.91   26.83   24.39   27.27   15.91   20.00   27.27   22.73   18.60   23.26   20.45   27.91   24.44   24.44   20.45
     2: Mutacin_BHT_B         40.91  100.00   62.79   23.26   31.71   29.27   16.28   20.45   25.00   38.64   23.26   30.23   27.91   34.09   37.21   40.91   40.91   36.36
     3: Lactolisterin         44.19   62.79  100.00   16.67   26.83   26.83   16.67   20.93   25.58   34.88   30.95   28.57   25.58   32.56   33.33   32.56   32.56   30.23
     4: Toyoncyn              15.91   23.26   16.67  100.00    0.00    0.00   16.33   13.73   16.67   30.00   30.61   29.17   18.00   23.53   25.00   21.15   21.15   19.61
     5: MGYG000049946_02918   26.83   31.71   26.83    0.00  100.00   93.62   21.28   12.77   23.40   17.02   12.77   21.28   21.28   21.28   31.91   25.53   25.53   21.28
     6: MGYG000049946_02917   24.39   29.27   26.83    0.00   93.62  100.00   23.40   12.77   21.28   19.15   12.77   19.15   23.40   23.40   31.91   23.40   23.40   19.15
     7: BacSp222              27.27   16.28   16.67   16.33   21.28   23.40  100.00   26.53   24.00   26.53   32.00   26.53   27.08   26.53   26.53   24.00   24.00   22.45
     8: MGYG000298963_01692   15.91   20.45   20.93   13.73   12.77   12.77   26.53  100.00   21.15   19.61   34.69   26.53   29.41   26.92   24.49   36.54   38.46   38.46
     9: MGYG000031742_00801   20.00   25.00   25.58   16.67   23.40   21.28   24.00   21.15  100.00   23.53   38.00   42.86   29.41   44.23   46.94   35.85   32.08   42.31
    10: Aureocin_A53          27.27   38.64   34.88   30.00   17.02   19.15   26.53   19.61   23.53  100.00   30.61   28.57   36.00   33.33   38.78   45.10   47.06   45.10
    11: Capidermicin          22.73   23.26   30.95   30.61   12.77   12.77   32.00   34.69   38.00   30.61  100.00   55.10   33.33   44.90   34.69   44.00   46.00   42.86
    12: Enterocin_SWD         18.60   30.23   28.57   29.17   21.28   19.15   26.53   26.53   42.86   28.57   55.10  100.00   27.08   53.06   46.94   42.86   42.86   55.10
    13: Epidermicin_NI01      23.26   27.91   25.58   18.00   21.28   23.40   27.08   29.41   29.41   36.00   33.33   27.08  100.00   41.18   31.25   49.02   47.06   39.22
    14: MGYG000000642_01040   20.45   34.09   32.56   23.53   21.28   23.40   26.53   26.92   44.23   33.33   44.90   53.06   41.18  100.00   42.86   53.85   50.00   50.00
    15: MGYG000320920_03099   27.91   37.21   33.33   25.00   31.91   31.91   26.53   24.49   46.94   38.78   34.69   46.94   31.25   42.86  100.00   40.82   42.86   55.10
    16: Lacticin_Z            24.44   40.91   32.56   21.15   25.53   23.40   24.00   36.54   35.85   45.10   44.00   42.86   49.02   53.85   40.82  100.00   94.34   65.38
    17: Lacticin_Q            24.44   40.91   32.56   21.15   25.53   23.40   24.00   38.46   32.08   47.06   46.00   42.86   47.06   50.00   42.86   94.34  100.00   65.38
    18: AureocinA53like       20.45   36.36   30.23   19.61   21.28   19.15   22.45   38.46   42.31   45.10   42.86   55.10   39.22   50.00   55.10   65.38   65.38  100.00

